# Candidate Confirmation

Note: this is an intermediate confirmation artifact. The later robustness
battery in `output/robustness_300s_ccz.md` is the controlling result for the
final conclusion.

Dense confirmation uses refit_cap=200 and two training windows.

## Ranked By Cross vs Own R2
| tag                  |   bar_s | scheme   | lagset   |   horizon |   horizon_seconds |   train |   levels |      own_r2 |     cross_r2 |   cross_minus_own_r2 |   cross_minus_car_r2 |   own_hit |   cross_hit |     pnl_net |   pnl_net_0p25bp |   pnl_net_0p5bp |   pnl_net_1p0bp |   turnover | best_asset   |   best_asset_cross_minus_own_r2 |
|:---------------------|--------:|:---------|:---------|----------:|------------------:|--------:|---------:|------------:|-------------:|---------------------:|---------------------:|----------:|------------:|------------:|-----------------:|----------------:|----------------:|-----------:|:-------------|--------------------------------:|
| 300s_pca_ccz_h20     |     300 | pca      | ccz      |        20 |              6000 |    3000 |       10 | -0.0232755  | -0.0134157   |          0.0098598   |          0.00212947  |  0.509118 |    0.519516 |   4.32349   |        4.33908   |       4.32349   |       4.29231   |  0.0476964 | SOL          |                     0.013457    |
| 300s_pca_ccz_h10     |     300 | pca      | ccz      |        10 |              3000 |    3000 |       10 | -0.0165294  | -0.00875906  |          0.00777032  |          0.00492845  |  0.497956 |    0.512167 |   2.24576   |        2.26948   |       2.24576   |       2.19833   |  0.0725028 | SOL          |                     0.0103343   |
| 300s_pca_ccz_h5      |     300 | pca      | ccz      |         5 |              1500 |    3000 |       10 | -0.0107353  | -0.00507486  |          0.00566039  |          0.00346748  |  0.50294  |    0.511818 |   1.40006   |        1.44014   |       1.40006   |       1.3199    |  0.12248   | SOL          |                     0.00727035  |
| 300s_pca_ccz_h20     |     300 | pca      | ccz      |        20 |              6000 |    3000 |       20 | -0.023127   | -0.0175004   |          0.00562655  |         -0.00195529  |  0.511335 |    0.52051  |   4.56608   |        4.58635   |       4.56608   |       4.52555   |  0.0620075 | SOL          |                     0.0106007   |
| 300s_pca_ccz_h10     |     300 | pca      | ccz      |        10 |              3000 |    3000 |       20 | -0.0165687  | -0.0112871   |          0.00528167  |          0.00240045  |  0.500783 |    0.511288 |   2.30895   |        2.33752   |       2.30895   |       2.25181   |  0.0873425 | SOL          |                     0.00963068  |
| 300s_pca_ccz_h5      |     300 | pca      | ccz      |         5 |              1500 |    3000 |       20 | -0.0107093  | -0.0062446   |          0.00446465  |          0.00229775  |  0.503742 |    0.512143 |   1.06094   |        1.10394   |       1.06094   |       0.974932  |  0.131418  | SOL          |                     0.00769724  |
| 300s_best_ccz_h2     |     300 | best     | ccz      |         2 |               600 |    3000 |       20 | -0.00583322 | -0.00141315  |          0.00442007  |          0.00283714  |  0.503245 |    0.507273 |   0.46884   |        0.545888  |       0.46884   |       0.314743  |  0.235406  | XRP          |                     0.00666902  |
| 300s_distance_ccz_h2 |     300 | distance | ccz      |         2 |               600 |    3000 |       20 | -0.00598054 | -0.00156501  |          0.00441553  |          0.00268529  |  0.502252 |    0.509907 |   0.626747  |        0.689168  |       0.626747  |       0.501906  |  0.190713  | XRP          |                     0.00600385  |
| 300s_sum_ccz_h2      |     300 | sum      | ccz      |         2 |               600 |    3000 |       10 | -0.00616825 | -0.00180203  |          0.00436622  |          0.00244826  |  0.502596 |    0.511071 |   0.542138  |        0.616263  |       0.542138  |       0.393889  |  0.226473  | XRP          |                     0.00523444  |
| 300s_best_ccz_h2     |     300 | best     | ccz      |         2 |               600 |    3000 |       10 | -0.00593094 | -0.00159736  |          0.00433358  |          0.00265294  |  0.505077 |    0.507731 |   0.374178  |        0.451802  |       0.374178  |       0.21893   |  0.237164  | XRP          |                     0.00627172  |
| 300s_sum_ccz_h2      |     300 | sum      | ccz      |         2 |               600 |    3000 |       20 | -0.00597933 | -0.0016578   |          0.00432153  |          0.0025925   |  0.503207 |    0.509621 |   0.568401  |        0.63634   |       0.568401  |       0.432523  |  0.207574  | XRP          |                     0.00579331  |
| 300s_distance_ccz_h2 |     300 | distance | ccz      |         2 |               600 |    3000 |       10 | -0.00611042 | -0.00179922  |          0.0043112   |          0.00245107  |  0.502711 |    0.509201 |   0.575243  |        0.640157  |       0.575243  |       0.445414  |  0.198332  | XRP          |                     0.0052836   |
| 300s_pca_ccz_h2      |     300 | pca      | ccz      |         2 |               600 |    3000 |       10 | -0.00607624 | -0.00198483  |          0.00409141  |          0.00226546  |  0.502825 |    0.51067  |   0.507946  |        0.587535  |       0.507946  |       0.348768  |  0.243168  | XRP          |                     0.00511867  |
| 300s_pca_ccz_h2      |     300 | pca      | ccz      |         2 |               600 |    3000 |       20 | -0.00607204 | -0.00216111  |          0.00391092  |          0.00208918  |  0.503474 |    0.51027  |   0.480483  |        0.57487   |       0.480483  |       0.291711  |  0.288379  | XRP          |                     0.00492502  |
| 5s_pca_ccz_h1        |       5 | pca      | ccz      |         1 |                 5 |    6000 |       20 |  0.00240015 |  0.00585358  |          0.00345343  |          0.0052037   |  0.312152 |    0.324583 | -37.5661    |      -12.7592    |     -37.5661    |     -87.18      |  1.03185   | SOL          |                     0.00731197  |
| 5s_pca_ccz_h1        |       5 | pca      | ccz      |         1 |                 5 |    6000 |       10 |  0.0025588  |  0.00581809  |          0.00325929  |          0.00516821  |  0.313393 |    0.324857 | -37.4721    |      -12.7359    |     -37.4721    |     -86.9444    |  1.02891   | SOL          |                     0.00741036  |
| 5s_pca_ccz_h1        |       5 | pca      | ccz      |         1 |                 5 |    3000 |       20 |  0.00126209 |  0.00449641  |          0.00323432  |          0.00320606  |  0.309604 |    0.32198  | -37.4494    |      -13.0605    |     -37.4494    |     -86.227     |  1.01131   | SOL          |                     0.00757305  |
| 5s_pca_ccz_h1        |       5 | pca      | ccz      |         1 |                 5 |    3000 |       10 |  0.00140616 |  0.00461241  |          0.00320625  |          0.00332206  |  0.310772 |    0.32201  | -37.3245    |      -12.9899    |     -37.3245    |     -85.9936    |  1.00906   | SOL          |                     0.00744888  |
| 300s_sum_ccz_h2      |     300 | sum      | ccz      |         2 |               600 |    6000 |       10 | -0.00247504 | -0.000565579 |          0.00190946  |          0.00107696  |  0.504234 |    0.509978 |   0.479246  |        0.495179  |       0.479246  |       0.447381  |  0.0631493 | SOL          |                     0.00273472  |
| 60s_pca_ccz_h5       |      60 | pca      | ccz      |         5 |               300 |    6000 |       20 | -0.0044856  | -0.00261128  |          0.00187431  |         -0.00165388  |  0.501689 |    0.500101 |  -1.11225   |       -0.59468   |      -1.11225   |      -2.14738   |  0.277511  | ETH          |                     0.00252607  |
| 300s_sum_ccz_h2      |     300 | sum      | ccz      |         2 |               600 |    6000 |       20 | -0.00227228 | -0.000466314 |          0.00180596  |          0.00117622  |  0.502897 |    0.509929 |   0.482506  |        0.500965  |       0.482506  |       0.445587  |  0.0731639 | SOL          |                     0.00283287  |
| 300s_pca_ccz_h2      |     300 | pca      | ccz      |         2 |               600 |    6000 |       10 | -0.00238326 | -0.000591759 |          0.0017915   |          0.00105078  |  0.504803 |    0.510548 |   0.456882  |        0.473827  |       0.456882  |       0.422992  |  0.0671621 | SOL          |                     0.00272545  |
| 300s_pca_ccz_h2      |     300 | pca      | ccz      |         2 |               600 |    6000 |       20 | -0.0023177  | -0.000662548 |          0.00165515  |          0.000979988 |  0.505447 |    0.508171 |   0.47524   |        0.509233  |       0.47524   |       0.407253  |  0.134734  | SOL          |                     0.00280047  |
| 300s_distance_ccz_h2 |     300 | distance | ccz      |         2 |               600 |    6000 |       10 | -0.00208088 | -0.000561916 |          0.00151896  |          0.00108062  |  0.504184 |    0.510201 |   0.467066  |        0.499202  |       0.467066  |       0.402793  |  0.127375  | SOL          |                     0.00215505  |
| 300s_distance_ccz_h2 |     300 | distance | ccz      |         2 |               600 |    6000 |       20 | -0.00197148 | -0.000474149 |          0.00149733  |          0.00116839  |  0.505398 |    0.509359 |   0.380359  |        0.423449  |       0.380359  |       0.294179  |  0.170789  | SOL          |                     0.00214931  |
| 60s_pca_ccz_h5       |      60 | pca      | ccz      |         5 |               300 |    6000 |       10 | -0.00448849 | -0.00309086  |          0.00139764  |         -0.00213345  |  0.501639 |    0.50003  |  -1.30373   |       -0.750804  |      -1.30373   |      -2.40958   |  0.296471  | ETH          |                     0.00176094  |
| 300s_pca_ccz_h5      |     300 | pca      | ccz      |         5 |              1500 |    6000 |       10 | -0.00346325 | -0.00212307  |          0.00134019  |          0.00369344  |  0.507207 |    0.515306 |   0.936957  |        0.966876  |       0.936957  |       0.877119  |  0.11862   | SOL          |                     0.00313418  |
| 300s_pca_ccz_h5      |     300 | pca      | ccz      |         5 |              1500 |    6000 |       20 | -0.00344652 | -0.00226165  |          0.00118487  |          0.00355486  |  0.508594 |    0.51226  |   1.05361   |        1.10279   |       1.05361   |       0.955243  |  0.194993  | SOL          |                     0.00310508  |
| 300s_best_ccz_h2     |     300 | best     | ccz      |         2 |               600 |    6000 |       20 | -0.0015253  | -0.000414006 |          0.00111129  |          0.00122853  |  0.503194 |    0.511068 |   0.14898   |        0.214002  |       0.14898   |       0.0189348 |  0.257719  | XRP          |                     0.00141185  |
| 300s_best_ccz_h2     |     300 | best     | ccz      |         2 |               600 |    6000 |       10 | -0.00160241 | -0.000523045 |          0.00107936  |          0.00111949  |  0.503912 |    0.511191 |   0.236736  |        0.287312  |       0.236736  |       0.135584  |  0.20046   | XRP          |                     0.00148506  |
| 60s_best_low_h5      |      60 | best     | low      |         5 |               300 |    3000 |       10 | -0.00212707 | -0.0016979   |          0.00042917  |         -0.000331806 |  0.505149 |    0.505059 |   0.416565  |        0.980134  |       0.416565  |      -0.710572  |  0.290394  | XRP          |                     0.000994433 |
| 300s_pca_ccz_h20     |     300 | pca      | ccz      |        20 |              6000 |    6000 |       20 | -0.00870016 | -0.00841248  |          0.000287685 |          0.00677318  |  0.520885 |    0.531749 |   4.51409   |        4.54053   |       4.51409   |       4.46122   |  0.104967  | SOL          |                     0.00523117  |
| 60s_best_low_h5      |      60 | best     | low      |         5 |               300 |    6000 |       10 | -0.00114501 | -0.000869972 |          0.000275037 |         -0.000253053 |  0.503969 |    0.502985 |  -0.419384  |       -0.0903103 |      -0.419384  |      -1.07753   |  0.176381  | BTC          |                     0.000369074 |
| 60s_best_low_h5      |      60 | best     | low      |         5 |               300 |    6000 |       20 | -0.00111581 | -0.000865006 |          0.0002508   |         -0.000248087 |  0.503832 |    0.503219 |  -0.135027  |        0.199052  |      -0.135027  |      -0.803185  |  0.179064  | XRP          |                     0.000329134 |
| 300s_pca_ccz_h10     |     300 | pca      | ccz      |        10 |              3000 |    6000 |       20 | -0.00479345 | -0.00504604  |         -0.000252588 |          0.00471429  |  0.506294 |    0.520047 |   2.20697   |        2.24235   |       2.20697   |       2.1362    |  0.140349  | SOL          |                     0.00249331  |
| 60s_pca_ccz_h5       |      60 | pca      | ccz      |         5 |               300 |    3000 |       20 | -0.00739324 | -0.00769176  |         -0.00029852  |         -0.00454863  |  0.501308 |    0.504507 |  -0.0815739 |        0.739632  |      -0.0815739 |      -1.72399   |  0.423297  | XRP          |                     0.0053751   |
| 300s_pca_ccz_h10     |     300 | pca      | ccz      |        10 |              3000 |    6000 |       10 | -0.004681   | -0.00509273  |         -0.000411725 |          0.00466761  |  0.505005 |    0.518287 |   2.27041   |        2.30276   |       2.27041   |       2.20572   |  0.128313  | SOL          |                     0.00290362  |
| 300s_pca_ccz_h20     |     300 | pca      | ccz      |        20 |              6000 |    6000 |       10 | -0.00865365 | -0.00912745  |         -0.000473796 |          0.0060582   |  0.521728 |    0.529418 |   5.32072   |        5.35272   |       5.32072   |       5.25672   |  0.127055  | SOL          |                     0.0061819   |
| 60s_best_low_h5      |      60 | best     | low      |         5 |               300 |    3000 |       20 | -0.0021332  | -0.00276492  |         -0.000631724 |         -0.00139883  |  0.505191 |    0.504167 |  -0.236494  |        0.510822  |      -0.236494  |      -1.73113   |  0.385075  | XRP          |                     0.00106837  |
| 60s_pca_ccz_h5       |      60 | pca      | ccz      |         5 |               300 |    3000 |       10 | -0.00741385 | -0.0105958   |         -0.00318194  |         -0.00745266  |  0.501591 |    0.503418 |  -0.908646  |        0.050079  |      -0.908646  |      -2.8261    |  0.494182  | XRP          |                     0.0051527   |

## Ranked By Net PnL At 0.5bp
| tag                  |   bar_s | scheme   | lagset   |   horizon |   horizon_seconds |   train |   levels |      own_r2 |     cross_r2 |   cross_minus_own_r2 |   cross_minus_car_r2 |   own_hit |   cross_hit |     pnl_net |   pnl_net_0p25bp |   pnl_net_0p5bp |   pnl_net_1p0bp |   turnover | best_asset   |   best_asset_cross_minus_own_r2 |
|:---------------------|--------:|:---------|:---------|----------:|------------------:|--------:|---------:|------------:|-------------:|---------------------:|---------------------:|----------:|------------:|------------:|-----------------:|----------------:|----------------:|-----------:|:-------------|--------------------------------:|
| 300s_pca_ccz_h20     |     300 | pca      | ccz      |        20 |              6000 |    6000 |       10 | -0.00865365 | -0.00912745  |         -0.000473796 |          0.0060582   |  0.521728 |    0.529418 |   5.32072   |        5.35272   |       5.32072   |       5.25672   |  0.127055  | SOL          |                     0.0061819   |
| 300s_pca_ccz_h20     |     300 | pca      | ccz      |        20 |              6000 |    3000 |       20 | -0.023127   | -0.0175004   |          0.00562655  |         -0.00195529  |  0.511335 |    0.52051  |   4.56608   |        4.58635   |       4.56608   |       4.52555   |  0.0620075 | SOL          |                     0.0106007   |
| 300s_pca_ccz_h20     |     300 | pca      | ccz      |        20 |              6000 |    6000 |       20 | -0.00870016 | -0.00841248  |          0.000287685 |          0.00677318  |  0.520885 |    0.531749 |   4.51409   |        4.54053   |       4.51409   |       4.46122   |  0.104967  | SOL          |                     0.00523117  |
| 300s_pca_ccz_h20     |     300 | pca      | ccz      |        20 |              6000 |    3000 |       10 | -0.0232755  | -0.0134157   |          0.0098598   |          0.00212947  |  0.509118 |    0.519516 |   4.32349   |        4.33908   |       4.32349   |       4.29231   |  0.0476964 | SOL          |                     0.013457    |
| 300s_pca_ccz_h10     |     300 | pca      | ccz      |        10 |              3000 |    3000 |       20 | -0.0165687  | -0.0112871   |          0.00528167  |          0.00240045  |  0.500783 |    0.511288 |   2.30895   |        2.33752   |       2.30895   |       2.25181   |  0.0873425 | SOL          |                     0.00963068  |
| 300s_pca_ccz_h10     |     300 | pca      | ccz      |        10 |              3000 |    6000 |       10 | -0.004681   | -0.00509273  |         -0.000411725 |          0.00466761  |  0.505005 |    0.518287 |   2.27041   |        2.30276   |       2.27041   |       2.20572   |  0.128313  | SOL          |                     0.00290362  |
| 300s_pca_ccz_h10     |     300 | pca      | ccz      |        10 |              3000 |    3000 |       10 | -0.0165294  | -0.00875906  |          0.00777032  |          0.00492845  |  0.497956 |    0.512167 |   2.24576   |        2.26948   |       2.24576   |       2.19833   |  0.0725028 | SOL          |                     0.0103343   |
| 300s_pca_ccz_h10     |     300 | pca      | ccz      |        10 |              3000 |    6000 |       20 | -0.00479345 | -0.00504604  |         -0.000252588 |          0.00471429  |  0.506294 |    0.520047 |   2.20697   |        2.24235   |       2.20697   |       2.1362    |  0.140349  | SOL          |                     0.00249331  |
| 300s_pca_ccz_h5      |     300 | pca      | ccz      |         5 |              1500 |    3000 |       10 | -0.0107353  | -0.00507486  |          0.00566039  |          0.00346748  |  0.50294  |    0.511818 |   1.40006   |        1.44014   |       1.40006   |       1.3199    |  0.12248   | SOL          |                     0.00727035  |
| 300s_pca_ccz_h5      |     300 | pca      | ccz      |         5 |              1500 |    3000 |       20 | -0.0107093  | -0.0062446   |          0.00446465  |          0.00229775  |  0.503742 |    0.512143 |   1.06094   |        1.10394   |       1.06094   |       0.974932  |  0.131418  | SOL          |                     0.00769724  |
| 300s_pca_ccz_h5      |     300 | pca      | ccz      |         5 |              1500 |    6000 |       20 | -0.00344652 | -0.00226165  |          0.00118487  |          0.00355486  |  0.508594 |    0.51226  |   1.05361   |        1.10279   |       1.05361   |       0.955243  |  0.194993  | SOL          |                     0.00310508  |
| 300s_pca_ccz_h5      |     300 | pca      | ccz      |         5 |              1500 |    6000 |       10 | -0.00346325 | -0.00212307  |          0.00134019  |          0.00369344  |  0.507207 |    0.515306 |   0.936957  |        0.966876  |       0.936957  |       0.877119  |  0.11862   | SOL          |                     0.00313418  |
| 300s_distance_ccz_h2 |     300 | distance | ccz      |         2 |               600 |    3000 |       20 | -0.00598054 | -0.00156501  |          0.00441553  |          0.00268529  |  0.502252 |    0.509907 |   0.626747  |        0.689168  |       0.626747  |       0.501906  |  0.190713  | XRP          |                     0.00600385  |
| 300s_distance_ccz_h2 |     300 | distance | ccz      |         2 |               600 |    3000 |       10 | -0.00611042 | -0.00179922  |          0.0043112   |          0.00245107  |  0.502711 |    0.509201 |   0.575243  |        0.640157  |       0.575243  |       0.445414  |  0.198332  | XRP          |                     0.0052836   |
| 300s_sum_ccz_h2      |     300 | sum      | ccz      |         2 |               600 |    3000 |       20 | -0.00597933 | -0.0016578   |          0.00432153  |          0.0025925   |  0.503207 |    0.509621 |   0.568401  |        0.63634   |       0.568401  |       0.432523  |  0.207574  | XRP          |                     0.00579331  |
| 300s_sum_ccz_h2      |     300 | sum      | ccz      |         2 |               600 |    3000 |       10 | -0.00616825 | -0.00180203  |          0.00436622  |          0.00244826  |  0.502596 |    0.511071 |   0.542138  |        0.616263  |       0.542138  |       0.393889  |  0.226473  | XRP          |                     0.00523444  |
| 300s_pca_ccz_h2      |     300 | pca      | ccz      |         2 |               600 |    3000 |       10 | -0.00607624 | -0.00198483  |          0.00409141  |          0.00226546  |  0.502825 |    0.51067  |   0.507946  |        0.587535  |       0.507946  |       0.348768  |  0.243168  | XRP          |                     0.00511867  |
| 300s_sum_ccz_h2      |     300 | sum      | ccz      |         2 |               600 |    6000 |       20 | -0.00227228 | -0.000466314 |          0.00180596  |          0.00117622  |  0.502897 |    0.509929 |   0.482506  |        0.500965  |       0.482506  |       0.445587  |  0.0731639 | SOL          |                     0.00283287  |
| 300s_pca_ccz_h2      |     300 | pca      | ccz      |         2 |               600 |    3000 |       20 | -0.00607204 | -0.00216111  |          0.00391092  |          0.00208918  |  0.503474 |    0.51027  |   0.480483  |        0.57487   |       0.480483  |       0.291711  |  0.288379  | XRP          |                     0.00492502  |
| 300s_sum_ccz_h2      |     300 | sum      | ccz      |         2 |               600 |    6000 |       10 | -0.00247504 | -0.000565579 |          0.00190946  |          0.00107696  |  0.504234 |    0.509978 |   0.479246  |        0.495179  |       0.479246  |       0.447381  |  0.0631493 | SOL          |                     0.00273472  |
| 300s_pca_ccz_h2      |     300 | pca      | ccz      |         2 |               600 |    6000 |       20 | -0.0023177  | -0.000662548 |          0.00165515  |          0.000979988 |  0.505447 |    0.508171 |   0.47524   |        0.509233  |       0.47524   |       0.407253  |  0.134734  | SOL          |                     0.00280047  |
| 300s_best_ccz_h2     |     300 | best     | ccz      |         2 |               600 |    3000 |       20 | -0.00583322 | -0.00141315  |          0.00442007  |          0.00283714  |  0.503245 |    0.507273 |   0.46884   |        0.545888  |       0.46884   |       0.314743  |  0.235406  | XRP          |                     0.00666902  |
| 300s_distance_ccz_h2 |     300 | distance | ccz      |         2 |               600 |    6000 |       10 | -0.00208088 | -0.000561916 |          0.00151896  |          0.00108062  |  0.504184 |    0.510201 |   0.467066  |        0.499202  |       0.467066  |       0.402793  |  0.127375  | SOL          |                     0.00215505  |
| 300s_pca_ccz_h2      |     300 | pca      | ccz      |         2 |               600 |    6000 |       10 | -0.00238326 | -0.000591759 |          0.0017915   |          0.00105078  |  0.504803 |    0.510548 |   0.456882  |        0.473827  |       0.456882  |       0.422992  |  0.0671621 | SOL          |                     0.00272545  |
| 60s_best_low_h5      |      60 | best     | low      |         5 |               300 |    3000 |       10 | -0.00212707 | -0.0016979   |          0.00042917  |         -0.000331806 |  0.505149 |    0.505059 |   0.416565  |        0.980134  |       0.416565  |      -0.710572  |  0.290394  | XRP          |                     0.000994433 |
| 300s_distance_ccz_h2 |     300 | distance | ccz      |         2 |               600 |    6000 |       20 | -0.00197148 | -0.000474149 |          0.00149733  |          0.00116839  |  0.505398 |    0.509359 |   0.380359  |        0.423449  |       0.380359  |       0.294179  |  0.170789  | SOL          |                     0.00214931  |
| 300s_best_ccz_h2     |     300 | best     | ccz      |         2 |               600 |    3000 |       10 | -0.00593094 | -0.00159736  |          0.00433358  |          0.00265294  |  0.505077 |    0.507731 |   0.374178  |        0.451802  |       0.374178  |       0.21893   |  0.237164  | XRP          |                     0.00627172  |
| 300s_best_ccz_h2     |     300 | best     | ccz      |         2 |               600 |    6000 |       10 | -0.00160241 | -0.000523045 |          0.00107936  |          0.00111949  |  0.503912 |    0.511191 |   0.236736  |        0.287312  |       0.236736  |       0.135584  |  0.20046   | XRP          |                     0.00148506  |
| 300s_best_ccz_h2     |     300 | best     | ccz      |         2 |               600 |    6000 |       20 | -0.0015253  | -0.000414006 |          0.00111129  |          0.00122853  |  0.503194 |    0.511068 |   0.14898   |        0.214002  |       0.14898   |       0.0189348 |  0.257719  | XRP          |                     0.00141185  |
| 60s_pca_ccz_h5       |      60 | pca      | ccz      |         5 |               300 |    3000 |       20 | -0.00739324 | -0.00769176  |         -0.00029852  |         -0.00454863  |  0.501308 |    0.504507 |  -0.0815739 |        0.739632  |      -0.0815739 |      -1.72399   |  0.423297  | XRP          |                     0.0053751   |
| 60s_best_low_h5      |      60 | best     | low      |         5 |               300 |    6000 |       20 | -0.00111581 | -0.000865006 |          0.0002508   |         -0.000248087 |  0.503832 |    0.503219 |  -0.135027  |        0.199052  |      -0.135027  |      -0.803185  |  0.179064  | XRP          |                     0.000329134 |
| 60s_best_low_h5      |      60 | best     | low      |         5 |               300 |    3000 |       20 | -0.0021332  | -0.00276492  |         -0.000631724 |         -0.00139883  |  0.505191 |    0.504167 |  -0.236494  |        0.510822  |      -0.236494  |      -1.73113   |  0.385075  | XRP          |                     0.00106837  |
| 60s_best_low_h5      |      60 | best     | low      |         5 |               300 |    6000 |       10 | -0.00114501 | -0.000869972 |          0.000275037 |         -0.000253053 |  0.503969 |    0.502985 |  -0.419384  |       -0.0903103 |      -0.419384  |      -1.07753   |  0.176381  | BTC          |                     0.000369074 |
| 60s_pca_ccz_h5       |      60 | pca      | ccz      |         5 |               300 |    3000 |       10 | -0.00741385 | -0.0105958   |         -0.00318194  |         -0.00745266  |  0.501591 |    0.503418 |  -0.908646  |        0.050079  |      -0.908646  |      -2.8261    |  0.494182  | XRP          |                     0.0051527   |
| 60s_pca_ccz_h5       |      60 | pca      | ccz      |         5 |               300 |    6000 |       20 | -0.0044856  | -0.00261128  |          0.00187431  |         -0.00165388  |  0.501689 |    0.500101 |  -1.11225   |       -0.59468   |      -1.11225   |      -2.14738   |  0.277511  | ETH          |                     0.00252607  |
| 60s_pca_ccz_h5       |      60 | pca      | ccz      |         5 |               300 |    6000 |       10 | -0.00448849 | -0.00309086  |          0.00139764  |         -0.00213345  |  0.501639 |    0.50003  |  -1.30373   |       -0.750804  |      -1.30373   |      -2.40958   |  0.296471  | ETH          |                     0.00176094  |
| 5s_pca_ccz_h1        |       5 | pca      | ccz      |         1 |                 5 |    3000 |       10 |  0.00140616 |  0.00461241  |          0.00320625  |          0.00332206  |  0.310772 |    0.32201  | -37.3245    |      -12.9899    |     -37.3245    |     -85.9936    |  1.00906   | SOL          |                     0.00744888  |
| 5s_pca_ccz_h1        |       5 | pca      | ccz      |         1 |                 5 |    3000 |       20 |  0.00126209 |  0.00449641  |          0.00323432  |          0.00320606  |  0.309604 |    0.32198  | -37.4494    |      -13.0605    |     -37.4494    |     -86.227     |  1.01131   | SOL          |                     0.00757305  |
| 5s_pca_ccz_h1        |       5 | pca      | ccz      |         1 |                 5 |    6000 |       10 |  0.0025588  |  0.00581809  |          0.00325929  |          0.00516821  |  0.313393 |    0.324857 | -37.4721    |      -12.7359    |     -37.4721    |     -86.9444    |  1.02891   | SOL          |                     0.00741036  |
| 5s_pca_ccz_h1        |       5 | pca      | ccz      |         1 |                 5 |    6000 |       20 |  0.00240015 |  0.00585358  |          0.00345343  |          0.0052037   |  0.312152 |    0.324583 | -37.5661    |      -12.7592    |     -37.5661    |     -87.18      |  1.03185   | SOL          |                     0.00731197  |

## Per-Asset Metrics For Top Rows
| tag                  |   bar_s | scheme   | lagset   |   horizon |   train |   levels |   pnl_net | asset   |       ar_r2 |      car_r2 |      own_r2 |    cross_r2 |   cross_minus_own_r2 |   ar_hit |   car_hit |   own_hit |   cross_hit |
|:---------------------|--------:|:---------|:---------|----------:|--------:|---------:|----------:|:--------|------------:|------------:|------------:|------------:|---------------------:|---------:|----------:|----------:|------------:|
| 300s_pca_ccz_h20     |     300 | pca      | ccz      |        20 |    3000 |       10 |  4.32349  | BTC     | -0.0277768  | -0.0202315  | -0.0183733  | -0.0128553  |          0.00551796  | 0.534521 |  0.517471 |  0.50539  |    0.522441 |
| 300s_pca_ccz_h20     |     300 | pca      | ccz      |        20 |    3000 |       10 |  4.32349  | ETH     | -0.0188039  | -0.0137587  | -0.0216241  | -0.0127797  |          0.00884443  | 0.527105 |  0.523511 |  0.517777 |    0.524964 |
| 300s_pca_ccz_h20     |     300 | pca      | ccz      |        20 |    3000 |       10 |  4.32349  | SOL     | -0.0224213  | -0.01706    | -0.0272317  | -0.0137747  |          0.013457    | 0.500115 |  0.509672 |  0.510589 |    0.504014 |
| 300s_pca_ccz_h20     |     300 | pca      | ccz      |        20 |    3000 |       10 |  4.32349  | XRP     | -0.0241983  | -0.0111303  | -0.0258728  | -0.0142531  |          0.0116198   | 0.50539  |  0.513495 |  0.502714 |    0.526646 |
| 300s_pca_ccz_h10     |     300 | pca      | ccz      |        10 |    3000 |       10 |  2.24576  | BTC     | -0.0238827  | -0.0148978  | -0.0132842  | -0.00735784 |          0.00592633  | 0.512339 |  0.504469 |  0.488273 |    0.515395 |
| 300s_pca_ccz_h10     |     300 | pca      | ccz      |        10 |    3000 |       10 |  2.24576  | ETH     | -0.0145589  | -0.0149633  | -0.0165758  | -0.00795574 |          0.00862002  | 0.512873 |  0.505004 |  0.507525 |    0.517152 |
| 300s_pca_ccz_h10     |     300 | pca      | ccz      |        10 |    3000 |       10 |  2.24576  | SOL     | -0.0158612  | -0.0122357  | -0.0188024  | -0.0084681  |          0.0103343   | 0.503323 |  0.501184 |  0.502712 |    0.500267 |
| 300s_pca_ccz_h10     |     300 | pca      | ccz      |        10 |    3000 |       10 |  2.24576  | XRP     | -0.020767   | -0.0126532  | -0.0174552  | -0.0112546  |          0.00620061  | 0.494308 |  0.504317 |  0.493315 |    0.515853 |
| 300s_pca_ccz_h5      |     300 | pca      | ccz      |         5 |    3000 |       10 |  1.40006  | BTC     | -0.01726    | -0.0081419  | -0.00997398 | -0.00501933 |          0.00495465  | 0.510845 |  0.501222 |  0.494349 |    0.514052 |
| 300s_pca_ccz_h5      |     300 | pca      | ccz      |         5 |    3000 |       10 |  1.40006  | ETH     | -0.0116828  | -0.0105281  | -0.0109739  | -0.00396482 |          0.00700907  | 0.505728 |  0.506339 |  0.507332 |    0.515962 |
| 300s_pca_ccz_h5      |     300 | pca      | ccz      |         5 |    3000 |       10 |  1.40006  | SOL     | -0.0128663  | -0.007468   | -0.0118479  | -0.0045775  |          0.00727035  | 0.502826 |  0.502138 |  0.502826 |    0.502673 |
| 300s_pca_ccz_h5      |     300 | pca      | ccz      |         5 |    3000 |       10 |  1.40006  | XRP     | -0.016529   | -0.00803134 | -0.0101453  | -0.0067378  |          0.00340748  | 0.49832  |  0.506721 |  0.507255 |    0.514587 |
| 300s_pca_ccz_h20     |     300 | pca      | ccz      |        20 |    3000 |       20 |  4.56608  | BTC     | -0.0277768  | -0.0202315  | -0.0184088  | -0.0155484  |          0.00286041  | 0.534521 |  0.517471 |  0.501567 |    0.523205 |
| 300s_pca_ccz_h20     |     300 | pca      | ccz      |        20 |    3000 |       20 |  4.56608  | ETH     | -0.0188039  | -0.0137587  | -0.0220176  | -0.0173634  |          0.00465419  | 0.527105 |  0.523511 |  0.524581 |    0.530239 |
| 300s_pca_ccz_h20     |     300 | pca      | ccz      |        20 |    3000 |       20 |  4.56608  | SOL     | -0.0224213  | -0.01706    | -0.0261932  | -0.0155925  |          0.0106007   | 0.500115 |  0.509672 |  0.511889 |    0.499732 |
| 300s_pca_ccz_h20     |     300 | pca      | ccz      |        20 |    3000 |       20 |  4.56608  | XRP     | -0.0241983  | -0.0111303  | -0.0258884  | -0.0214974  |          0.00439091  | 0.50539  |  0.513495 |  0.507302 |    0.528863 |
| 300s_pca_ccz_h10     |     300 | pca      | ccz      |        10 |    3000 |       20 |  2.30895  | BTC     | -0.0238827  | -0.0148978  | -0.0135277  | -0.00889268 |          0.00463506  | 0.512339 |  0.504469 |  0.489342 |    0.516311 |
| 300s_pca_ccz_h10     |     300 | pca      | ccz      |        10 |    3000 |       20 |  2.30895  | ETH     | -0.0145589  | -0.0149633  | -0.0163038  | -0.0104051  |          0.00589874  | 0.512873 |  0.505004 |  0.511957 |    0.517381 |
| 300s_pca_ccz_h10     |     300 | pca      | ccz      |        10 |    3000 |       20 |  2.30895  | SOL     | -0.0158612  | -0.0122357  | -0.018986   | -0.00935531 |          0.00963068  | 0.503323 |  0.501184 |  0.505997 |    0.498816 |
| 300s_pca_ccz_h10     |     300 | pca      | ccz      |        10 |    3000 |       20 |  2.30895  | XRP     | -0.020767   | -0.0126532  | -0.0174574  | -0.0164952  |          0.000962183 | 0.494308 |  0.504317 |  0.495836 |    0.512644 |
| 300s_pca_ccz_h5      |     300 | pca      | ccz      |         5 |    3000 |       20 |  1.06094  | BTC     | -0.01726    | -0.0081419  | -0.00980136 | -0.00557569 |          0.00422567  | 0.510845 |  0.501222 |  0.49221  |    0.514358 |
| 300s_pca_ccz_h5      |     300 | pca      | ccz      |         5 |    3000 |       20 |  1.06094  | ETH     | -0.0116828  | -0.0105281  | -0.0104093  | -0.00537118 |          0.00503813  | 0.505728 |  0.506339 |  0.512983 |    0.516649 |
| 300s_pca_ccz_h5      |     300 | pca      | ccz      |         5 |    3000 |       20 |  1.06094  | SOL     | -0.0128663  | -0.007468   | -0.0124287  | -0.00473142 |          0.00769724  | 0.502826 |  0.502138 |  0.50168  |    0.501604 |
| 300s_pca_ccz_h5      |     300 | pca      | ccz      |         5 |    3000 |       20 |  1.06094  | XRP     | -0.016529   | -0.00803134 | -0.0101977  | -0.00930009 |          0.00089758  | 0.49832  |  0.506721 |  0.508095 |    0.515962 |
| 300s_best_ccz_h2     |     300 | best     | ccz      |         2 |    3000 |       20 |  0.46884  | BTC     | -0.00983099 | -0.00385788 | -0.00551027 | -0.00184823 |          0.00366204  | 0.511109 |  0.519814 |  0.503169 |    0.51508  |
| 300s_best_ccz_h2     |     300 | best     | ccz      |         2 |    3000 |       20 |  0.46884  | ETH     | -0.00843011 | -0.00479468 | -0.00523063 | -0.00159784 |          0.00363279  | 0.508513 |  0.511262 |  0.502252 |    0.509048 |
| 300s_best_ccz_h2     |     300 | best     | ccz      |         2 |    3000 |       20 |  0.46884  | SOL     | -0.00859938 | -0.00421173 | -0.0046703  | -0.00095388 |          0.00371642  | 0.501794 |  0.505001 |  0.50294  |    0.502329 |
| 300s_best_ccz_h2     |     300 | best     | ccz      |         2 |    3000 |       20 |  0.46884  | XRP     | -0.00976843 | -0.00413687 | -0.00792167 | -0.00125266 |          0.00666902  | 0.503779 |  0.508208 |  0.504619 |    0.502634 |
| 300s_distance_ccz_h2 |     300 | distance | ccz      |         2 |    3000 |       20 |  0.626747 | BTC     | -0.00983099 | -0.00385788 | -0.00547585 | -0.00198777 |          0.00348808  | 0.511109 |  0.519814 |  0.504161 |    0.515232 |
| 300s_distance_ccz_h2 |     300 | distance | ccz      |         2 |    3000 |       20 |  0.626747 | ETH     | -0.00843011 | -0.00479468 | -0.00526115 | -0.00159052 |          0.00367062  | 0.508513 |  0.511262 |  0.501413 |    0.512407 |
| 300s_distance_ccz_h2 |     300 | distance | ccz      |         2 |    3000 |       20 |  0.626747 | SOL     | -0.00859938 | -0.00421173 | -0.00576363 | -0.00126406 |          0.00449957  | 0.501794 |  0.505001 |  0.501642 |    0.503627 |
| 300s_distance_ccz_h2 |     300 | distance | ccz      |         2 |    3000 |       20 |  0.626747 | XRP     | -0.00976843 | -0.00413687 | -0.00742152 | -0.00141767 |          0.00600385  | 0.503779 |  0.508208 |  0.501794 |    0.508361 |
| 300s_sum_ccz_h2      |     300 | sum      | ccz      |         2 |    3000 |       10 |  0.542138 | BTC     | -0.00983099 | -0.00385788 | -0.005551   | -0.00199947 |          0.00355152  | 0.511109 |  0.519814 |  0.503092 |    0.515691 |
| 300s_sum_ccz_h2      |     300 | sum      | ccz      |         2 |    3000 |       10 |  0.542138 | ETH     | -0.00843011 | -0.00479468 | -0.00622342 | -0.00209872 |          0.0041247   | 0.508513 |  0.511262 |  0.503627 |    0.511186 |
| 300s_sum_ccz_h2      |     300 | sum      | ccz      |         2 |    3000 |       10 |  0.542138 | SOL     | -0.00859938 | -0.00421173 | -0.00607558 | -0.00152137 |          0.00455421  | 0.501794 |  0.505001 |  0.503169 |    0.505307 |
| 300s_sum_ccz_h2      |     300 | sum      | ccz      |         2 |    3000 |       10 |  0.542138 | XRP     | -0.00976843 | -0.00413687 | -0.00682301 | -0.00158857 |          0.00523444  | 0.503779 |  0.508208 |  0.500496 |    0.512102 |
| 300s_best_ccz_h2     |     300 | best     | ccz      |         2 |    3000 |       10 |  0.374178 | BTC     | -0.00983099 | -0.00385788 | -0.00568445 | -0.00213033 |          0.00355412  | 0.511109 |  0.519814 |  0.506223 |    0.515538 |
| 300s_best_ccz_h2     |     300 | best     | ccz      |         2 |    3000 |       10 |  0.374178 | ETH     | -0.00843011 | -0.00479468 | -0.00562216 | -0.00167925 |          0.00394291  | 0.508513 |  0.511262 |  0.502329 |    0.508437 |
| 300s_best_ccz_h2     |     300 | best     | ccz      |         2 |    3000 |       10 |  0.374178 | SOL     | -0.00859938 | -0.00421173 | -0.00461605 | -0.00105049 |          0.00356557  | 0.501794 |  0.505001 |  0.503016 |    0.5021   |
| 300s_best_ccz_h2     |     300 | best     | ccz      |         2 |    3000 |       10 |  0.374178 | XRP     | -0.00976843 | -0.00413687 | -0.00780109 | -0.00152937 |          0.00627172  | 0.503779 |  0.508208 |  0.508742 |    0.504848 |

